-173336
-173337
-173338
-173339
-173340
-173341
-173342
-173343
-173344
-173345
-173346
-173347
-173348
-173349
-173350
-173351
-173352
-173353
-173354
-173355
-173356
-173357
-173358
-173359
-173360
-173361
-173362
-173363
-173364
-173365
-173366
-173367
-173368
-173369
-173370
-173371
-173372
-173373
-173374
-173375
-173376
-173377
-173378
-173379
-173380
-173381
-173382
-173383
-173384
-173385
-173386
-173387
-173388
-173389
-173390
-173391
-173392
-173393
-173394
-173395
-173396
-173397
-173398
-173399
-173400
-173401
-173402
-173403
-173404
-173405
-173406
-173407
-173408
-173409
-173410
-173411
-173412
-173413
-173414
-173415
-173416
-173417
-173418
-173419
-173420
-173421
-173422
-173423
-173424
-173425
-173426
-173427
-173428
-173429
-173430
-173431
-173432
-173433
-173434
-173435
-173436
-173437
-173438
-173439
-173440
-173441
-173442
-173443
-173444
-173445
-173446
-173447
-173448
-173449
-173450
-173451
-173452
-173453
-173454
-173455
-173456
-173457
-173458
-173459
-173460
-173461
-173462
-173463
-173464
-173465
-173466
-173467
-173468
-173469
-173470
-173471
-173472
-173473
-173474
-173475
-173476
-173477
-173478
-173479
-173480
-173481
-173482
-173483
-173484
-173485
-173486
-173487
-173488
-173489
-173490
-173491
-173492
-173493
-173494
-173495
-173496
-173497
-173498
-173499
-173500
-173501
-173502
-173503
-173504
-173505
-173506
-173507
-173508
-173509
-173510
-173511
-173512
-173513
-173514
-173515
-173516
-173517
-173518
-173519
-173520
-173521
-173522
-173523
-173524
-173525
-173526
-173527
-173528
-173529
-173530
-173531
-173532
-173533
-173534
-173535
-173536
-173537
-173538
-173539
-173540
-173541
-173542
-173543
-173544
-173545
-173546
-173547
-173548
-173549
-173550
-173551
-173552
-173553
-173554
-173555
-173556
-173557
-173558
-173559
-173560
-173561
-173562
-173563
-173564
-173565
-173566
-173567
-173568
-173569
-173570
-173571
-173572
-173573
-173574
-173575
-173576
-173577
-173578
-173579
-173580
-173581
-173582
-173583
-173584
-173585
-173586
-173587
-173588
-173589
-173590
-173591
-173592
-173593
-173594
-173595
-173596
-173597
-173598
-173599
-173600
-173601
-173602
-173603
-173604
-173605
-173606
-173607
-173608
-173609
-173610
-173611
-173612
-173613
-173614
-173615
-173616
-173617
-173618
-173619
-173620
-173621
-173622
-173623
-173624
-173625
-173626
-173627
-173628
-173629
-173630
-173631
-173632
-173633
-173634
-173635
-173636
-173637
-173638
-173639
-173640
-173641
-173642
-173643
-173644
-173645
-173646
-173647
-173648
-173649
-173650
-173651
-173652
-173653
-173654
-173655
-173656
-173657
-173658
-173659
-173660
-173661
-173662
-173663
-173664
-173665
-173666
-173667
-173668
-173669
-173670
-173671
-173672
-173673
-173674
-173675
-173676
-173677
-173678
-173679
-173680
-173681
-173682
-173683
-173684
-173685
-173686
-173687
-173688
-173689
-173690
-173691
-173692
-173693
-173694
-173695
-173696
-173697
-173698
-173699
-173700
-173701
-173702
-173703
-173704
-173705
-173706
-173707
-173708
-173709
-173710
-173711
-173712
-173713
-173714
-173715
-173716
-173717
-173718
-173719
-173720
-173721
-173722
-173723
-173724
-173725
-173726
-173727
-173728
-173729
-173730
-173731
-173732
-173733
-173734
-173735
-173736
-173737
-173738
-173739
-173740
-173741
-173742
-173743
-173744
-173745
-173746
-173747
-173748
-173749
-173750
-173751
-173752
-173753
-173754
-173755
-173756
-173757
-173758
-173759
-173760
-173761
-173762
-173763
-173764
-173765
-173766
-173767
-173768
-173769
-173770
-173771
-173772
-173773
-173774
-173775
-173776
-173777
-173778
-173779
-173780
-173781
-173782
-173783
-173784
-173785
-173786
-173787
-173788
-173789
-173790
-173791
-173792
-173793
-173794
-173795
-173796
-173797
-173798
-173799
-173800
-173801
-173802
-173803
-173804
-173805
-173806
-173807
-173808
-173809
-173810
-173811
-173812
-173813
-173814
-173815
-173816
-173817
-173818
-173819
-173820
-173821
-173822
-173823
-173824
-173825
-173826
-173827
-173828
-173829
-173830
-173831
-173832
-173833
-173834
-173835
-173836
-173837
-173838
-173839
-173840
-173841
-173842
-173843
-173844
-173845
-173846
-173847
-173848
-173849
-173850
-173851
-173852
-173853
-173854
-173855
-173856
-173857
-173858
-173859
-173860
-173861
-173862
-173863
-173864
-173865
-173866
-173867
-173868
-173869
-173870
-173871
-173872
-173873
-173874
-173875
-173876
-173877
-173878
-173879
-173880
-173881
-173882
-173883
-173884
-173885
-173886
-173887
-173888
-173889
-173890
-173891
-173892
-173893
-173894
-173895
-173896
-173897
-173898
-173899
-173900
-173901
-173902
-173903
-173904
-173905
-173906
-173907
-173908
-173909
-173910
-173911
-173912
-173913
-173914
-173915
-173916
-173917
-173918
-173919
-173920
-173921
-173922
-173923
-173924
-173925
-173926
-173927
-173928
-173929
-173930
-173931
-173932
-173933
-173934
-173935
-173936
-173937
-173938
-173939
-173940
-173941
-173942
-173943
-173944
-173945
-173946
-173947
-173948
-173949
-173950
-173951
-173952
-173953
-173954
-173955
-173956
-173957
-173958
-173959
-173960
-173961
-173962
-173963
-173964
-173965
-173966
-173967
-173968
-173969
-173970
-173971
-173972
-173973
-173974
-173975
-173976
-173977
-173978
-173979
-173980
-173981
-173982
-173983
-173984
-173985
-173986
-173987
-173988
-173989
-173990
-173991
-173992
-173993
-173994
-173995
-173996
-173997
-173998
-173999
-174000
-174001
-174002
-174003
-174004
-174005
-174006
-174007
-174008
-174009
-174010
-174011
-174012
-174013
-174014
-174015
-174016
-174017
-174018
-174019
-174020
-174021
-174022
-174023
-174024
-174025
-174026
-174027
-174028
-174029
-174030
-174031
-174032
-174033
-174034
-174035
-174036
-174037
-174038
-174039
-174040
-174041
-174042
-174043
-174044
-174045
-174046
-174047
-174048
-174049
-174050
-174051
-174052
-174053
-174054
-174055
-174056
-174057
-174058
-174059
-174060
-174061
-174062
-174063
-174064
-174065
-174066
-174067
-174068
-174069
-174070
-174071
-174072
-174073
-174074
-174075
-174076
-174077
-174078
-174079
-174080
-174081
-174082
-174083
-174084
-174085
-174086
-174087
-174088
-174089
-174090
-174091
-174092
-174093
-174094
-174095
-174096
-174097
-174098
-174099
-174100
-174101
-174102
-174103
-174104
-174105
-174106
-174107
-174108
-174109
-174110
-174111
-174112
-174113
-174114
-174115
-174116
-174117
-174118
-174119
-174120
-174121
-174122
-174123
-174124
-174125
-174126
-174127
-174128
-174129
-174130
-174131
-174132
-174133
-174134
-174135
-174136
-174137
-174138
-174139
-174140
-174141
-174142
-174143
-174144
-174145
-174146
-174147
-174148
-174149
-174150
-174151
-174152
-174153
-174154
-174155
-174156
-174157
-174158
-174159
-174160
-174161
-174162
-174163
-174164
-174165
-174166
-174167
-174168
-174169
-174170
-174171
-174172
-174173
-174174
-174175
-174176
-174177
-174178
-174179
-174180
-174181
-174182
-174183
-174184
-174185
-174186
-174187
-174188
-174189
-174190
-174191
-174192
-174193
-174194
-174195
-174196
-174197
-174198
-174199
-174200
-174201
-174202
-174203
-174204
-174205
-174206
-174207
-174208
-174209
-174210
-174211
-174212
-174213
-174214
-174215
-174216
-174217
-174218
-174219
-174220
-174221
-174222
-174223
-174224
-174225
-174226
-174227
-174228
-174229
-174230
-174231
-174232
-174233
-174234
-174235
-174236
-174237
-174238
-174239
-174240
-174241
-174242
-174243
-174244
-174245
-174246
-174247
-174248
-174249
-174250
-174251
-174252
-174253
-174254
-174255
-174256
-174257
-174258
-174259
-174260
-174261
-174262
-174263
-174264
-174265
-174266
-174267
-174268
-174269
-174270
-174271
-174272
-174273
-174274
-174275
-174276
-174277
-174278
-174279
-174280
-174281
-174282
-174283
-174284
-174285
-174286
-174287
-174288
-174289
-174290
-174291
-174292
-174293
-174294
-174295
-174296
-174297
-174298
-174299
-174300
-174301
-174302
-174303
-174304
-174305
-174306
-174307
-174308
-174309
-174310
-174311
-174312
-174313
-174314
-174315
-174316
-174317
-174318
-174319
-174320
-174321
-174322
-174323
-174324
-174325
-174326
-174327
-174328
-174329
-174330
-174331
-174332
-174333
-174334
-174335
-174336
-174337
-174338
-174339
-174340
zsh: segmentation fault  ./a.out